accuracy: 0.02707209027973565
chamfer_distance: 0.3017737651212864
completion: 0.2747016748415507
f-score: 0.6871242030041386
num_points: 19678105
precision: 0.967131641994999
recall: 0.5328512077833558
