accuracy: 0.019851717168620716
chamfer_distance: 0.22087500107353672
completion: 0.201023283904916
f-score: 0.86813357021974
num_points: 26237988
precision: 0.9857577875254764
recall: 0.7755876318362184
