accuracy: 0.033641325877038095
chamfer_distance: 0.2637717982432259
completion: 0.2301304723661878
f-score: 0.725012249894327
num_points: 22365493
precision: 0.9534158714945384
recall: 0.5848932069289534
