accuracy: 0.033957385019116944
chamfer_distance: 0.30023226399895986
completion: 0.2662748789798429
f-score: 0.7514200368133556
num_points: 19336253
precision: 0.9607886284897079
recall: 0.6169733619225418
