accuracy: 0.022511534710247888
chamfer_distance: 0.1864236812902105
completion: 0.16391214657996261
f-score: 0.884592877008959
num_points: 27717118
precision: 0.9811761814485908
recall: 0.8053201863780383
