accuracy: 0.026568676159027967
chamfer_distance: 0.31387264626853506
completion: 0.2873039701095071
f-score: 0.7128209655865592
num_points: 24910620
precision: 0.9672380695462417
recall: 0.5643716793140546
