accuracy: 0.10960336265180617
chamfer_distance: 0.3514661887356073
completion: 0.24186282608380114
f-score: 0.6669361606001994
num_points: 3041989
precision: 0.8579958704650148
recall: 0.5454701248033131
