accuracy: 0.1168503582696072
chamfer_distance: 0.25909402799692793
completion: 0.14224366972732072
f-score: 0.809106003571882
num_points: 4332752
precision: 0.7665236377080898
recall: 0.8566977754554149
