accuracy: 0.044117909202479474
chamfer_distance: 0.19663037722033178
completion: 0.15251246801785232
f-score: 0.813720546763806
num_points: 37977099
precision: 0.7361544274337579
recall: 0.9095575731047808
