accuracy: 0.04318967645418449
chamfer_distance: 0.2730320624359535
completion: 0.22984238598176904
f-score: 0.7920963892631719
num_points: 21491805
precision: 0.6800588914103536
recall: 0.9483308172580199
