accuracy: 0.06330110536427092
chamfer_distance: 0.19029998773962095
completion: 0.12699888237535004
f-score: 0.8076328628980058
num_points: 41118442
precision: 0.7566234149094931
recall: 0.8660173456961234
