accuracy: 0.06874315252506832
chamfer_distance: 0.19781914812488233
completion: 0.129075995599814
f-score: 0.8082884342775464
num_points: 27445658
precision: 0.7467311011932257
recall: 0.88090662646893
