accuracy: 0.09746656298612523
chamfer_distance: 0.20199690057442088
completion: 0.10453033758829566
f-score: 0.7893971124096935
num_points: 30438084
precision: 0.766462852940505
recall: 0.8137461937485947
