accuracy: 0.019856676189260146
chamfer_distance: 0.22075089153109612
completion: 0.20089421534183596
f-score: 0.8743181480483486
num_points: 26238236
precision: 0.7855182392728819
recall: 0.9857539584597075
