accuracy: 0.060946426590425325
chamfer_distance: 0.14444641909444408
completion: 0.08349999250401875
f-score: 0.8890499028968585
num_points: 31790535
precision: 0.8614026193862053
recall: 0.9185307513698653
