accuracy: 0.08937457503710568
chamfer_distance: 0.20837400117498556
completion: 0.1189994261378799
f-score: 0.7716835520726139
num_points: 32818773
precision: 0.7161888611643239
recall: 0.8365007430350915
