accuracy: 0.1519589302452533
chamfer_distance: 0.2739226527829152
completion: 0.12196372253766193
f-score: 0.8029177784517096
num_points: 4835057
precision: 0.7962367622721719
recall: 0.8097118606874748
