accuracy: 0.03539256505394055
chamfer_distance: 0.14813354497240924
completion: 0.1127409799184687
f-score: 0.9002776444602107
num_points: 29703527
precision: 0.8443825030170741
recall: 0.9640974958966994
