accuracy: 0.10280319053561447
chamfer_distance: 0.27868461423869967
completion: 0.17588142370308518
f-score: 0.7732845692154033
num_points: 3684045
precision: 0.6953442674626795
recall: 0.8709030427152763
