accuracy: 0.03015374588985029
chamfer_distance: 0.250109770337728
completion: 0.21995602444787773
f-score: 0.7785441009108793
num_points: 29716110
precision: 0.655733724217065
recall: 0.957956946585539
