accuracy: 0.026575913152670657
chamfer_distance: 0.31349161236938755
completion: 0.2869156992167169
f-score: 0.7260240268250978
num_points: 24910495
precision: 0.5811059334057739
recall: 0.9672366606926117
