accuracy: 0.10962245153079962
chamfer_distance: 0.35168773609083853
completion: 0.24206528456003892
f-score: 0.7057360383199603
num_points: 3041850
precision: 0.5993813739765365
recall: 0.8579759028222956
