accuracy: 0.027049292275847445
chamfer_distance: 0.3029098632252985
completion: 0.27586057094945104
f-score: 0.7061360010960289
num_points: 19678926
precision: 0.5560678323749352
recall: 0.9671424649902134
