accuracy: 0.05455859878423187
chamfer_distance: 0.2155184607615025
completion: 0.16095986197727064
f-score: 0.7716787560598299
num_points: 28621385
precision: 0.6760066956668264
recall: 0.8988951792514583
