accuracy: 0.033949977811450704
chamfer_distance: 0.3002248391163383
completion: 0.2662748613048876
f-score: 0.7691873878755043
num_points: 19335994
precision: 0.6412965827839521
recall: 0.9607941024392126
