accuracy: 0.022521632186323217
chamfer_distance: 0.18598022915774015
completion: 0.16345859697141693
f-score: 0.8883924973286456
num_points: 27717590
precision: 0.8116410927986001
recall: 0.9811756361213222
