accuracy: 0.03362703717708263
chamfer_distance: 0.26375511816753966
completion: 0.230128080990457
f-score: 0.7346946569838341
num_points: 22365007
precision: 0.5975945937665684
recall: 0.953430553364012
