accuracy: 0.03261333492713674
chamfer_distance: 6.675306842786959
completion: 6.642693507859822
f-score: 0.015176079250151615
precision: 0.007647859539713596
recall: 0.9701160823406096
